1 0.453125 0.10859375 0.1171875 0.20546875
1 0.40703125 0.34296875 0.05546875 0.1890625
0 0.9515625 0.4890625 0.096875 0.35625
0 0.19453125 0.41171875 0.09921875 0.16640625
0 0.14609375 0.62578125 0.0578125 0.15234375
0 0.04921875 0.55234375 0.0703125 0.12890625
0 0.12734375 0.2515625 0.078125 0.11484375
0 0.0328125 0.2234375 0.06015625 0.10625
0 0.11953125 0.0765625 0.09453125 0.14296875
0 0.30546875 0.20546875 0.03828125 0.04765625
0 0.275 0.0796875 0.1140625 0.15078125
0 0.64296875 0.59453125 0.0578125 0.1734375