0 0.1109375 0.146875 0.14375 0.2828125
2 0.16796875 0.7375 0.04140625 0.06875
2 0.19296875 0.6765625 0.02578125 0.05859375
2 0.42578125 0.975 0.1078125 0.05
2 0.45546875 0.28671875 0.03515625 0.05625
2 0.5078125 0.32109375 0.04140625 0.11328125
2 0.528125 0.41171875 0.01640625 0.0265625
2 0.48984375 0.2328125 0.0234375 0.04609375
2 0.4703125 0.13359375 0.028125 0.0546875
2 0.50859375 0.1453125 0.02109375 0.05
2 0.6453125 0.80234375 0.025 0.0515625
2 0.6703125 0.67890625 0.02265625 0.0546875
2 0.71875 0.940625 0.04921875 0.06875
2 0.80859375 0.75703125 0.0453125 0.065625
2 0.82890625 0.84296875 0.0578125 0.08984375
2 0.6796875 0.43984375 0.025 0.04296875
2 0.70625 0.48125 0.01796875 0.0421875
2 0.8 0.4765625 0.025 0.0421875
2 0.840625 0.50625 0.04140625 0.04765625
2 0.7234375 0.36875 0.02421875 0.0546875
2 0.76328125 0.31875 0.025 0.0390625
2 0.77109375 0.26328125 0.01953125 0.0515625
2 0.759375 0.15078125 0.03671875 0.04453125
2 0.89140625 0.325 0.03515625 0.0515625
2 0.83359375 0.08828125 0.015625 0.04453125
2 0.83515625 0.02890625 0.028125 0.04921875
2 0.88671875 0.10390625 0.025 0.04921875
2 0.89609375 0.2109375 0.0140625 0.04453125
2 0.93046875 0.20703125 0.01875 0.03359375
2 0.9375 0.1703125 0.0171875 0.03671875
2 0.95859375 0.18671875 0.01171875 0.03203125
2 0.9296875 0.05546875 0.0265625 0.0546875