2 0.478125 0.8015625 0.01640625 0.028125
2 0.53359375 0.78203125 0.015625 0.02265625
2 0.57265625 0.83125 0.01796875 0.0546875
2 0.54375 0.66875 0.0125 0.025
2 0.56171875 0.1796875 0.01875 0.0265625
2 0.58125 0.19375 0.009375 0.0265625
2 0.20078125 0.4171875 0.01953125 0.0296875
2 0.23359375 0.71796875 0.01328125 0.0296875
1 0.21015625 0.6703125 0.0578125 0.14296875
1 0.47734375 0.7109375 0.03515625 0.0765625
2 0.47890625 0.7640625 0.00859375 0.0234375
1 0.52109375 0.67421875 0.03671875 0.1984375
1 0.57265625 0.69375 0.02578125 0.134375
1 0.5609375 0.0921875 0.04375 0.1453125
2 0.9 0.75625 0.01640625 0.03515625
1 0.346875 0.92578125 0.05078125 0.1484375
0 0.1921875 0.9 0.20234375 0.2
1 0.8390625 0.0484375 0.0328125 0.04921875