1 0.39921875 0.34296875 0.090625 0.1484375
2 0.37109375 0.296875 0.0140625 0.03515625
2 0.39375 0.3484375 0.01328125 0.03046875
2 0.41328125 0.35703125 0.01015625 0.028125
0 0.39453125 0.46171875 0.0609375 0.05625
0 0.31328125 0.3625 0.06171875 0.0671875
0 0.20625 0.55703125 0.025 0.07421875
0 0.26015625 0.53984375 0.04296875 0.0390625
2 0.225 0.6015625 0.009375 0.02265625
0 0.17890625 0.878125 0.053125 0.09765625
0 0.040625 0.978125 0.0734375 0.04296875
0 0.6859375 0.978125 0.05546875 0.04296875