1 0.4703125 0.38359375 0.07421875 0.1296875
2 0.44609375 0.34765625 0.0109375 0.0296875
2 0.4828125 0.3953125 0.01328125 0.0265625
2 0.31015625 0.62265625 0.01171875 0.02265625
0 0.46015625 0.1046875 0.0453125 0.05625
0 0.5109375 0.0390625 0.05859375 0.05
0 0.35234375 0.546875 0.040625 0.04765625
0 0.3 0.56796875 0.01796875 0.05625
0 0.27265625 0.86640625 0.034375 0.08515625
0 0.128125 0.97734375 0.0890625 0.0421875
0 0.715625 0.971875 0.08359375 0.05625
0 0.38828125 0.403125 0.06015625 0.053125