2 0.7734375 0.06953125 0.025 0.04921875
2 0.83671875 0.0609375 0.03203125 0.04609375
2 0.8671875 0.1453125 0.08125 0.08671875
2 0.85078125 0.3046875 0.0234375 0.0640625
2 0.815625 0.34765625 0.0234375 0.04921875
2 0.8328125 0.415625 0.02578125 0.04765625
2 0.87109375 0.39140625 0.01953125 0.0390625
2 0.90703125 0.38984375 0.01875 0.04453125
2 0.9421875 0.3703125 0.02109375 0.04609375
2 0.7578125 0.51484375 0.021875 0.04453125
2 0.85859375 0.4703125 0.01796875 0.03359375
2 0.98671875 0.415625 0.021875 0.03046875
2 0.9375 0.490625 0.02109375 0.0421875
2 0.8375 0.52265625 0.01875 0.03515625
2 0.84453125 0.5953125 0.0265625 0.06328125
2 0.80390625 0.6125 0.015625 0.03671875
2 0.94765625 0.696875 0.02265625 0.04296875
2 0.8328125 0.79375 0.021875 0.04296875
2 0.83515625 0.90390625 0.0203125 0.0375
2 0.8765625 0.840625 0.02734375 0.04765625
2 0.92109375 0.96796875 0.02578125 0.03359375
2 0.97890625 0.93359375 0.028125 0.03203125
2 0.9609375 0.74296875 0.01796875 0.03203125
2 0.90625 0.70859375 0.01875 0.03515625
2 0.984375 0.65703125 0.0203125 0.04921875
2 0.6796875 0.54765625 0.01953125 0.07109375
2 0.99375 0.8546875 0.0125 0.05
0 0.19296875 0.11484375 0.1890625 0.184375
0 0.2515625 0.378125 0.11875 0.28984375
0 0.44453125 0.55390625 0.06875 0.26875
0 0.3578125 0.72890625 0.2078125 0.27421875
0 0.61875 0.79296875 0.29296875 0.21015625
0 0.1515625 0.953125 0.03828125 0.08515625