2 0.26484375 0.57109375 0.03828125 0.06015625
2 0.596875 0.7765625 0.0234375 0.05625
2 0.6640625 0.73046875 0.02734375 0.04296875
2 0.7296875 0.8015625 0.08125 0.10625
2 0.66796875 0.8859375 0.0140625 0.0296875
1 0.2109375 0.51953125 0.096875 0.2703125
1 0.3921875 0.2765625 0.13515625 0.35546875
1 0.3953125 0.57734375 0.1625 0.34375
1 0.57265625 0.5390625 0.19296875 0.4125
1 0.48984375 0.24921875 0.034375 0.08125
1 0.73671875 0.13671875 0.13125 0.2125
1 0.90234375 0.0859375 0.17421875 0.13828125